101,1,1000,10,9,2024
cho,1,1000
----------
102,15,40000000,27,11,2024
Afghan Hound,2,40000000
----------
103,15,50000000,27,11,2024
Alabai,1,18000000
American Bully,1,14000000
Bengal,1,18000000
----------
104,16,15000000,28,11,2024
Akita,1,15000000
----------
105,17,20000000,5,12,2024
Afghan Hound,1,20000000
----------
106,17,40000000,5,12,2024
Afghan Hound,2,40000000
----------
107,17,40000000,5,12,2024
Afghan Hound,2,40000000
----------
108,17,51000000,5,12,2024
Akita,1,15000000
Bengal,2,36000000
----------
109,17,107000000,5,12,2024
Afghan Hound,1,20000000
Alabai,2,36000000
British Longhair,3,51000000
----------
110,17,47000000,5,12,2024
Abyssinian,2,30000000
British Longhair,1,17000000
----------
111,17,40000000,5,12,2024
Afghan Hound,2,40000000
----------
112,18,40000000,5,12,2024
Afghan Hound,2,40000000
----------
113,20,29000000,5,12,2024
American Bully,1,14000000
Abyssinian,1,15000000
----------
114,21,26000000,5,12,2024
American Bully,1,14000000
Khao Manee,1,12000000
----------
115,20,35000000,5,12,2024
Afghan Hound,1,20000000
Akita,1,15000000
----------
116,25,18000000,5,12,2024
Alabai,1,18000000
----------
117,29,32000000,5,12,2024
Alaska,2,32000000
----------
118,31,66000000,5,12,2024
Abyssinian,2,30000000
Bengal,2,36000000
----------
119,32,96000000,5,12,2024
Abyssinian,2,30000000
Maine Coon,3,66000000
----------
120,33,40000000,5,12,2024
Bac Kinh,2,14000000
Becgie Duc,2,26000000
----------
121,34,60000000,5,12,2024
Bichon,2,24000000
Border Collie,2,36000000
----------
122,20,64000000,5,12,2024
Bull Terrier,2,24000000
Caucasian Shepherd,2,40000000
----------
123,35,90000000,5,12,2024
Persian,2,40000000
Sphynx,2,50000000
----------
124,37,40000000,24,12,2024
Afghan Hound,2,40000000
----------
125,37,48000000,24,12,2024
Abyssinian,2,30000000
Bengal,1,18000000
----------
126,37,55000000,24,12,2024
Afghan Hound,2,40000000
Akita,1,15000000
----------
127,19,20000000,24,12,2024
Afghan Hound,1,20000000
----------
128,38,20000000,24,12,2024
Afghan Hound,1,20000000
----------
